run_tag	dataset	scan	mode	n_gt	n_pred	gt_coverage	pred_purity	p@0.25	r@0.25	f1@0.25	miou@0.25	tp@0.25	fp@0.25	fn@0.25	p@0.5	r@0.5	f1@0.5	miou@0.5	tp@0.5	fp@0.5	fn@0.5	p@0.75	r@0.75	f1@0.75	miou@0.75	tp@0.75	fp@0.75	fn@0.75
2026-05-31_183612_1547137	ScanNet	scene0013_01	all	6	11	0.890181	0.617153	0.750000	1.000000	0.857143	0.890181	6	2	0	0.666667	1.000000	0.800000	0.890181	6	3	0	0.555556	0.833333	0.666667	0.946729	5	4	1
2026-05-31_183612_1547137	ScanNet	scene0019_00	all	24	38	0.400062	0.288371	0.378378	0.583333	0.459016	0.616609	14	23	10	0.216216	0.333333	0.262295	0.783212	8	29	16	0.135135	0.208333	0.163934	0.912726	5	32	19
2026-05-31_183612_1547137	ScanNet	scene0019_01	all	28	39	0.382155	0.323248	0.424242	0.500000	0.459016	0.668898	14	19	14	0.314286	0.392857	0.349206	0.762444	11	24	17	0.166667	0.214286	0.187500	0.858615	6	30	22
2026-05-31_183612_1547137	ScanNet	scene0053_00	all	11	14	0.555821	0.468640	0.538462	0.636364	0.583333	0.806197	7	6	4	0.461538	0.545455	0.500000	0.863011	6	7	5	0.384615	0.454545	0.416667	0.924294	5	8	6
2026-05-31_183612_1547137	ScanNet	scene0077_00	all	23	34	0.519278	0.431089	0.592593	0.695652	0.640000	0.663006	16	11	7	0.392857	0.478261	0.431373	0.793758	11	17	12	0.166667	0.217391	0.188679	0.964343	5	25	18
2026-05-31_183612_1547137	ScanNet	scene0078_00	all	14	34	0.659602	0.324614	0.382353	0.928571	0.541667	0.700041	13	21	1	0.264706	0.642857	0.375000	0.822445	9	25	5	0.147059	0.357143	0.208333	0.951142	5	29	9
2026-05-31_183612_1547137	ScanNet	scene0079_01	all	19	16	0.320786	0.388038	0.533333	0.421053	0.470588	0.679001	8	7	11	0.400000	0.315789	0.352941	0.765962	6	9	13	0.266667	0.210526	0.235294	0.846941	4	11	15
2026-05-31_183612_1547137	ScanNet	scene0081_00	all	10	24	0.575996	0.335360	0.476190	1.000000	0.645161	0.575996	10	11	0	0.260870	0.600000	0.363636	0.707970	6	17	4	0.130435	0.300000	0.181818	0.866583	3	20	7
2026-05-31_183612_1547137	ScanNet	scene0090_00	all	20	27	0.447364	0.411332	0.500000	0.550000	0.523810	0.724650	11	11	9	0.434783	0.500000	0.465116	0.747460	10	13	10	0.217391	0.250000	0.232558	0.873761	5	18	15
2026-05-31_183612_1547137	ScanNet	scene0108_00	all	36	75	0.503192	0.294939	0.320000	0.666667	0.432432	0.684309	24	51	12	0.240000	0.500000	0.324324	0.789469	18	57	18	0.146667	0.305556	0.198198	0.908772	11	64	25
2026-05-31_183612_1547137	ScanNet	scene0117_00	all	43	48	0.535936	0.477432	0.659574	0.720930	0.688889	0.682623	31	16	12	0.416667	0.465116	0.439560	0.843968	20	28	23	0.270833	0.302326	0.285714	0.941592	13	35	30
2026-05-31_183612_1547137	ScanNet	scene0118_00	all	17	32	0.460051	0.281292	0.333333	0.588235	0.425532	0.688889	10	20	7	0.266667	0.470588	0.340426	0.786420	8	22	9	0.166667	0.294118	0.212766	0.888622	5	25	12
2026-05-31_183612_1547137	ScanNet	scene0118_01	all	18	22	0.502361	0.425885	0.571429	0.666667	0.615385	0.668699	12	9	6	0.428571	0.500000	0.461538	0.747098	9	12	9	0.238095	0.277778	0.256410	0.860007	5	16	13
2026-05-31_183612_1547137	ScanNet	scene0118_02	all	18	28	0.376160	0.266635	0.307692	0.444444	0.363636	0.672179	8	18	10	0.222222	0.333333	0.266667	0.762180	6	21	12	0.071429	0.111111	0.086957	0.923664	2	26	16
2026-05-31_183612_1547137	ScanNet	scene0120_01	all	22	25	0.417844	0.421581	0.590909	0.590909	0.590909	0.594235	13	9	9	0.318182	0.318182	0.318182	0.791896	7	15	15	0.181818	0.181818	0.181818	0.949989	4	18	18
2026-05-31_183612_1547137	ScanNet	scene0143_00	all	20	24	0.550200	0.477514	0.608696	0.700000	0.651163	0.714818	14	9	6	0.416667	0.500000	0.454545	0.855352	10	14	10	0.333333	0.400000	0.363636	0.908129	8	16	12
2026-05-31_183612_1547137	ScanNet	scene0150_00	all	14	29	0.595292	0.357991	0.500000	0.928571	0.650000	0.616620	13	13	1	0.346154	0.642857	0.450000	0.745474	9	17	5	0.107143	0.214286	0.142857	0.937897	3	25	11
2026-05-31_183612_1547137	ScanNet	scene0150_01	all	13	31	0.702508	0.403713	0.481481	1.000000	0.650000	0.702508	13	14	0	0.407407	0.846154	0.550000	0.751213	11	16	2	0.142857	0.307692	0.195122	0.948647	4	24	9
2026-05-31_183612_1547137	ScanNet	scene0150_02	all	11	16	0.670443	0.560041	0.625000	0.909091	0.740741	0.736516	10	6	1	0.562500	0.818182	0.666667	0.779205	9	7	2	0.312500	0.454545	0.370370	0.914245	5	11	6
2026-05-31_183612_1547137	ScanNet	scene0153_00	all	27	15	0.305071	0.504463	0.666667	0.370370	0.476190	0.653735	10	5	17	0.600000	0.333333	0.428571	0.698081	9	6	18	0.200000	0.111111	0.142857	0.874999	3	12	24
2026-05-31_183612_1547137	ScanNet	scene0160_03	all	15	18	0.558259	0.482563	0.611111	0.733333	0.666667	0.729854	11	7	4	0.444444	0.533333	0.484848	0.864818	8	10	7	0.333333	0.400000	0.363636	0.931121	6	12	9
2026-05-31_183612_1547137	ScanNet	scene0160_04	all	15	25	0.589818	0.490154	0.600000	0.800000	0.685714	0.710521	12	8	3	0.500000	0.666667	0.571429	0.788409	10	10	5	0.285714	0.400000	0.333333	0.896196	6	15	9
2026-05-31_183612_1547137	ScanNet	scene0161_00	all	10	19	0.774021	0.502859	0.625000	1.000000	0.769231	0.774021	10	6	0	0.500000	0.900000	0.642857	0.825760	9	9	1	0.277778	0.500000	0.357143	0.955880	5	13	5
2026-05-31_183612_1547137	ScanNet	scene0161_01	all	10	24	0.656654	0.349021	0.380952	0.800000	0.516129	0.792238	8	13	2	0.363636	0.800000	0.500000	0.792238	8	14	2	0.173913	0.400000	0.242424	0.938873	4	19	6
2026-05-31_183612_1547137	ScanNet	scene0161_02	all	8	17	0.777105	0.425263	0.533333	1.000000	0.695652	0.777105	8	7	0	0.437500	0.875000	0.583333	0.840845	7	9	1	0.294118	0.625000	0.400000	0.913590	5	12	3
2026-05-31_183612_1547137	ScanNet	scene0182_02	all	21	24	0.441954	0.437312	0.523810	0.523810	0.523810	0.755917	11	10	10	0.363636	0.380952	0.372093	0.870070	8	14	13	0.272727	0.285714	0.279070	0.924588	6	16	15
2026-05-31_183612_1547137	ScanNet	scene0183_00	all	11	11	0.333611	0.405242	0.500000	0.454545	0.476190	0.612170	5	5	6	0.300000	0.272727	0.285714	0.773626	3	7	8	0.100000	0.090909	0.095238	0.897163	1	9	10
2026-05-31_183612_1547137	ScanNet	scene0193_01	all	16	20	0.623333	0.490844	0.650000	0.812500	0.722222	0.721766	13	7	3	0.550000	0.687500	0.611111	0.767296	11	9	5	0.250000	0.312500	0.277778	0.891278	5	15	11
2026-05-31_183612_1547137	ScanNet	scene0230_00	all	30	50	0.571181	0.389108	0.510638	0.800000	0.623377	0.640101	24	23	6	0.291667	0.466667	0.358974	0.819353	14	34	16	0.204082	0.333333	0.253165	0.889176	10	39	20
2026-05-31_183612_1547137	ScanNet	scene0234_00	all	16	14	0.581996	0.642068	0.785714	0.687500	0.733333	0.799302	11	3	5	0.642857	0.562500	0.600000	0.870335	9	5	7	0.571429	0.500000	0.533333	0.896969	8	6	8
2026-05-31_183612_1547137	ScanNet	scene0237_00	all	13	16	0.454142	0.427171	0.600000	0.692308	0.642857	0.558929	9	6	4	0.266667	0.307692	0.285714	0.749220	4	11	9	0.200000	0.230769	0.214286	0.820197	3	12	10
2026-05-31_183612_1547137	ScanNet	scene0237_01	all	12	14	0.603244	0.499341	0.642857	0.750000	0.692308	0.685957	9	5	3	0.500000	0.583333	0.538462	0.747841	7	7	5	0.214286	0.250000	0.230769	0.895435	3	11	9
2026-05-31_183612_1547137	ScanNet	scene0238_00	all	45	66	0.265862	0.234990	0.293103	0.377778	0.330097	0.580586	17	41	28	0.150000	0.200000	0.171429	0.754105	9	51	36	0.064516	0.088889	0.074766	0.885030	4	58	41
2026-05-31_183612_1547137	ScanNet	scene0238_01	all	43	54	0.274051	0.231400	0.425532	0.465116	0.444444	0.438083	20	27	23	0.120000	0.139535	0.129032	0.617842	6	44	37	0.000000	0.000000	0.000000	0.000000	0	50	43
2026-05-31_183612_1547137	ScanNet	scene0239_02	all	20	21	0.375616	0.378181	0.428571	0.450000	0.439024	0.726756	9	12	11	0.380952	0.400000	0.390244	0.772078	8	13	12	0.190476	0.200000	0.195122	0.930955	4	17	16
2026-05-31_183612_1547137	ScanNet	scene0244_00	all	19	31	0.749817	0.535146	0.642857	0.947368	0.765957	0.783116	18	10	1	0.551724	0.842105	0.666667	0.841801	16	13	3	0.413793	0.631579	0.500000	0.914374	12	17	7
2026-05-31_183612_1547137	ScanNet	scene0258_00	all	14	33	0.569803	0.332090	0.500000	0.857143	0.631579	0.640740	12	12	2	0.285714	0.571429	0.380952	0.814993	8	20	6	0.206897	0.428571	0.279070	0.855401	6	23	8
2026-05-31_183612_1547137	ScanNet	scene0259_01	all	17	35	0.499284	0.279298	0.371429	0.764706	0.500000	0.607036	13	22	4	0.228571	0.470588	0.307692	0.762646	8	27	9	0.142857	0.294118	0.192308	0.855866	5	30	12
2026-05-31_183612_1547137	ScanNet	scene0292_01	all	17	26	0.511976	0.396557	0.478261	0.647059	0.550000	0.692407	11	12	6	0.333333	0.470588	0.390244	0.831618	8	16	9	0.240000	0.352941	0.285714	0.903507	6	19	11
2026-05-31_183612_1547137	ScanNet	scene0318_00	all	6	14	0.641337	0.324638	0.384615	0.833333	0.526316	0.764750	5	8	1	0.384615	0.833333	0.526316	0.764750	5	8	1	0.230769	0.500000	0.315789	0.858839	3	10	3
2026-05-31_183612_1547137	ScanNet	scene0333_00	all	20	26	0.482395	0.417977	0.636364	0.700000	0.666667	0.617949	14	8	6	0.454545	0.500000	0.476190	0.706310	10	12	10	0.173913	0.200000	0.186047	0.872725	4	19	16
2026-05-31_183612_1547137	ScanNet	scene0338_02	all	21	14	0.353792	0.422080	0.692308	0.428571	0.529412	0.596220	9	4	12	0.428571	0.285714	0.342857	0.732535	6	8	15	0.214286	0.142857	0.171429	0.909556	3	11	18
2026-05-31_183612_1547137	ScanNet	scene0346_00	all	18	11	0.395246	0.533760	0.800000	0.444444	0.571429	0.681076	8	2	10	0.545455	0.333333	0.413793	0.766731	6	5	12	0.181818	0.111111	0.137931	0.965236	2	9	16
2026-05-31_183612_1547137	ScanNet	scene0346_01	all	17	26	0.402660	0.312671	0.360000	0.529412	0.428571	0.655724	9	16	8	0.280000	0.411765	0.333333	0.766578	7	18	10	0.160000	0.235294	0.190476	0.895065	4	21	13
2026-05-31_183612_1547137	ScanNet	scene0359_01	all	20	24	0.485716	0.393937	0.541667	0.650000	0.590909	0.622261	13	11	7	0.333333	0.400000	0.363636	0.754151	8	16	12	0.166667	0.200000	0.181818	0.934884	4	20	16
2026-05-31_183612_1547137	ScanNet	scene0368_01	all	23	44	0.543364	0.321344	0.400000	0.695652	0.507937	0.717022	16	24	7	0.325000	0.565217	0.412698	0.810790	13	27	10	0.195122	0.347826	0.250000	0.933562	8	33	15
2026-05-31_183612_1547137	ScanNet	scene0373_01	all	13	17	0.698418	0.567518	0.687500	0.846154	0.758621	0.776923	11	5	2	0.687500	0.846154	0.758621	0.776923	11	5	2	0.375000	0.461538	0.413793	0.946086	6	10	7
2026-05-31_183612_1547137	ScanNet	scene0376_02	all	14	13	0.388110	0.379244	0.538462	0.500000	0.518519	0.611487	7	6	7	0.307692	0.285714	0.296296	0.758471	4	9	10	0.153846	0.142857	0.148148	0.856579	2	11	12
2026-05-31_183612_1547137	ScanNet	scene0381_00	all	11	13	0.638401	0.538323	0.615385	0.727273	0.666667	0.790947	8	5	3	0.615385	0.727273	0.666667	0.790947	8	5	3	0.461538	0.545455	0.500000	0.873134	6	7	5
2026-05-31_183612_1547137	ScanNet	scene0381_02	all	12	22	0.768842	0.507692	0.600000	1.000000	0.750000	0.768842	12	8	0	0.450000	0.750000	0.562500	0.912957	9	11	3	0.380952	0.666667	0.484848	0.949514	8	13	4
2026-05-31_183612_1547137	ScanNet	scene0392_02	all	13	17	0.559591	0.424957	0.647059	0.846154	0.733333	0.612184	11	6	2	0.411765	0.538462	0.466667	0.744360	7	10	6	0.176471	0.230769	0.200000	0.904308	3	14	10
2026-05-31_183612_1547137	ScanNet	scene0407_01	all	19	46	0.584743	0.416071	0.576923	0.789474	0.666667	0.687881	15	11	4	0.310345	0.473684	0.375000	0.874312	9	20	10	0.233333	0.368421	0.285714	0.952089	7	23	12
2026-05-31_183612_1547137	ScanNet	scene0423_01	all	6	8	0.993240	0.854038	0.857143	1.000000	0.923077	0.993240	6	1	0	0.857143	1.000000	0.923077	0.993240	6	1	0	0.857143	1.000000	0.923077	0.993240	6	1	0
2026-05-31_183612_1547137	ScanNet	scene0432_00	all	5	20	0.810273	0.308906	0.357143	1.000000	0.526316	0.810273	5	9	0	0.266667	0.800000	0.400000	0.943828	4	11	1	0.250000	0.800000	0.380952	0.943828	4	12	1
2026-05-31_183612_1547137	ScanNet	scene0432_01	all	10	16	0.796017	0.511780	0.562500	0.900000	0.692308	0.850619	9	7	1	0.562500	0.900000	0.692308	0.850619	9	7	1	0.437500	0.700000	0.538462	0.932777	7	9	3
2026-05-31_183612_1547137	ScanNet	scene0437_01	all	13	22	0.590242	0.406899	0.578947	0.846154	0.687500	0.669737	11	8	2	0.363636	0.615385	0.457143	0.788281	8	14	5	0.227273	0.384615	0.285714	0.891465	5	17	8
2026-05-31_183612_1547137	ScanNet	scene0443_00	all	32	71	0.485122	0.282227	0.380952	0.750000	0.505263	0.593680	24	39	8	0.208955	0.437500	0.282828	0.748941	14	53	18	0.086957	0.187500	0.118812	0.932949	6	63	26
2026-05-31_183612_1547137	ScanNet	scene0444_00	all	11	21	0.713787	0.441681	0.526316	0.909091	0.666667	0.757602	10	9	1	0.421053	0.727273	0.533333	0.857805	8	11	3	0.300000	0.545455	0.387097	0.942176	6	14	5
2026-05-31_183612_1547137	ScanNet	scene0444_01	all	10	7	0.533646	0.701366	0.857143	0.600000	0.705882	0.763532	6	1	4	0.857143	0.600000	0.705882	0.763532	6	1	4	0.428571	0.300000	0.352941	0.916094	3	4	7
2026-05-31_183612_1547137	ScanNet	scene0461_00	all	10	19	0.597636	0.307008	0.368421	0.700000	0.482759	0.754404	7	12	3	0.263158	0.500000	0.344828	0.903839	5	14	5	0.263158	0.500000	0.344828	0.903839	5	14	5
2026-05-31_183612_1547137	ScanNet	scene0469_02	all	39	41	0.551333	0.531168	0.625000	0.641026	0.632911	0.806537	25	15	14	0.575000	0.589744	0.582278	0.846086	23	17	16	0.390244	0.410256	0.400000	0.930477	16	25	23
2026-05-31_183612_1547137	ScanNet	scene0470_01	all	19	27	0.553492	0.440058	0.518519	0.736842	0.608696	0.697676	14	13	5	0.370370	0.526316	0.434783	0.831291	10	17	9	0.259259	0.368421	0.304348	0.927778	7	20	12
2026-05-31_183612_1547137	ScanNet	scene0471_00	all	13	5	0.285105	0.561688	0.800000	0.307692	0.444444	0.689436	4	1	9	0.400000	0.153846	0.222222	0.926345	2	3	11	0.400000	0.153846	0.222222	0.926345	2	3	11
2026-05-31_183612_1547137	ScanNet	scene0471_02	all	12	9	0.538095	0.684977	0.777778	0.583333	0.666667	0.866506	7	2	5	0.777778	0.583333	0.666667	0.866506	7	2	5	0.666667	0.500000	0.571429	0.901809	6	3	6
2026-05-31_183612_1547137	ScanNet	scene0479_01	all	34	36	0.464069	0.521232	0.655172	0.558824	0.603175	0.731469	19	10	15	0.419355	0.382353	0.400000	0.895368	13	18	21	0.375000	0.352941	0.363636	0.928119	12	20	22
2026-05-31_183612_1547137	ScanNet	scene0479_02	all	38	39	0.466711	0.467159	0.611111	0.578947	0.594595	0.689090	22	14	16	0.405405	0.394737	0.400000	0.811093	15	22	23	0.270270	0.263158	0.266667	0.914750	10	27	28
2026-05-31_183612_1547137	ScanNet	scene0480_01	all	19	29	0.491669	0.371056	0.625000	0.789474	0.697674	0.568582	15	9	4	0.307692	0.421053	0.355556	0.772065	8	18	11	0.148148	0.210526	0.173913	0.923527	4	23	15
2026-05-31_183612_1547137	ScanNet	scene0482_01	all	21	30	0.617486	0.468419	0.555556	0.714286	0.625000	0.797041	15	12	6	0.481481	0.619048	0.541667	0.862512	13	14	8	0.357143	0.476190	0.408163	0.921905	10	18	11
2026-05-31_183612_1547137	ScanNet	scene0485_00	all	15	17	0.535195	0.490447	0.588235	0.666667	0.625000	0.732875	10	7	5	0.529412	0.600000	0.562500	0.778135	9	8	6	0.294118	0.333333	0.312500	0.929520	5	12	10
2026-05-31_183612_1547137	ScanNet	scene0488_00	all	25	22	0.427697	0.427022	0.636364	0.560000	0.595745	0.632111	14	8	11	0.363636	0.320000	0.340426	0.830638	8	14	17	0.318182	0.280000	0.297872	0.867494	7	15	18
2026-05-31_183612_1547137	ScanNet	scene0491_00	all	13	16	0.479386	0.410251	0.571429	0.615385	0.592593	0.681978	8	6	5	0.428571	0.461538	0.444444	0.760693	6	8	7	0.285714	0.307692	0.296296	0.815186	4	10	9
2026-05-31_183612_1547137	ScanNet	scene0498_01	all	30	47	0.460891	0.334064	0.395349	0.566667	0.465753	0.699525	17	26	13	0.234043	0.366667	0.285714	0.848433	11	36	19	0.148936	0.233333	0.181818	0.933148	7	40	23
2026-05-31_183612_1547137	ScanNet	scene0511_01	all	22	25	0.443219	0.417229	0.458333	0.500000	0.478261	0.721347	11	13	11	0.416667	0.454545	0.434783	0.749741	10	14	12	0.166667	0.181818	0.173913	0.940639	4	20	18
2026-05-31_183612_1547137	ScanNet	scene0512_00	all	17	42	0.466665	0.250889	0.275000	0.647059	0.385965	0.624995	11	29	6	0.175000	0.411765	0.245614	0.762924	7	33	10	0.073171	0.176471	0.103448	0.902367	3	38	14
2026-05-31_183612_1547137	ScanNet	scene0526_00	all	6	21	0.625683	0.303347	0.333333	1.000000	0.500000	0.625683	6	12	0	0.222222	0.666667	0.333333	0.743409	4	14	2	0.111111	0.333333	0.166667	0.874166	2	16	4
2026-05-31_183612_1547137	ScanNet	scene0526_01	all	9	12	0.558567	0.451849	0.500000	0.666667	0.571429	0.787131	6	6	3	0.416667	0.555556	0.476190	0.866923	5	7	4	0.333333	0.444444	0.380952	0.907939	4	8	5
2026-05-31_183612_1547137	ScanNet	scene0528_00	all	15	18	0.277835	0.248442	0.333333	0.400000	0.363636	0.476813	6	12	9	0.055556	0.066667	0.060606	0.955789	1	17	14	0.055556	0.066667	0.060606	0.955789	1	17	14
2026-05-31_183612_1547137	ScanNet	scene0528_01	all	13	18	0.621698	0.479483	0.555556	0.769231	0.645161	0.758185	10	8	3	0.444444	0.615385	0.516129	0.828975	8	10	5	0.333333	0.461538	0.387097	0.911012	6	12	7
2026-05-31_183612_1547137	ScanNet	scene0532_00	all	26	29	0.306635	0.290231	0.413793	0.461538	0.436364	0.544870	12	17	14	0.241379	0.269231	0.254545	0.690770	7	22	19	0.034483	0.038462	0.036364	1.000000	1	28	25
2026-05-31_183612_1547137	ScanNet	scene0532_01	all	17	19	0.583786	0.552844	0.777778	0.823529	0.800000	0.665276	14	4	3	0.500000	0.529412	0.514286	0.826279	9	9	8	0.277778	0.294118	0.285714	0.944228	5	13	12
2026-05-31_183612_1547137	ScanNet	scene0543_00	all	12	26	0.516292	0.252845	0.320000	0.666667	0.432432	0.677755	8	17	4	0.240000	0.500000	0.324324	0.782738	6	19	6	0.120000	0.250000	0.162162	0.926521	3	22	9
2026-05-31_183612_1547137	ScanNet	scene0543_01	all	8	15	0.452587	0.318819	0.461538	0.750000	0.571429	0.535070	6	7	2	0.307692	0.500000	0.380952	0.632024	4	9	4	0.076923	0.125000	0.095238	0.807980	1	12	7
2026-05-31_183612_1547137	ScanNet	scene0546_00	all	13	9	0.380273	0.445235	0.555556	0.384615	0.454545	0.715848	5	4	8	0.444444	0.307692	0.363636	0.803017	4	5	9	0.333333	0.230769	0.272727	0.883844	3	6	10
2026-05-31_183612_1547137	ScanNet	scene0552_01	all	29	45	0.501109	0.388291	0.439024	0.620690	0.514286	0.754371	18	23	11	0.365854	0.517241	0.428571	0.836290	15	26	14	0.219512	0.310345	0.257143	0.949013	9	32	20
2026-05-31_183612_1547137	ScanNet	scene0559_00	all	16	20	0.608348	0.571452	0.769231	0.625000	0.689655	0.849063	10	3	6	0.625000	0.625000	0.625000	0.849063	10	6	6	0.500000	0.500000	0.500000	0.932118	8	8	8
2026-05-31_183612_1547137	ScanNet	scene0559_01	all	20	19	0.583253	0.630036	0.833333	0.750000	0.789474	0.734353	15	3	5	0.722222	0.650000	0.684211	0.779800	13	5	7	0.388889	0.350000	0.368421	0.922851	7	11	13
2026-05-31_183612_1547137	ScanNet	scene0570_00	all	21	12	0.400827	0.651015	0.900000	0.428571	0.580645	0.784347	9	1	12	0.727273	0.380952	0.500000	0.836000	8	3	13	0.636364	0.333333	0.437500	0.878458	7	4	14
2026-05-31_183612_1547137	ScanNet	scene0570_01	all	22	11	0.305907	0.524482	0.700000	0.318182	0.437500	0.686162	7	3	15	0.600000	0.272727	0.375000	0.719899	6	4	16	0.272727	0.136364	0.181818	0.892722	3	8	19
2026-05-31_183612_1547137	ScanNet	scene0570_02	all	23	11	0.303062	0.543789	0.800000	0.347826	0.484848	0.654226	8	2	15	0.454545	0.217391	0.294118	0.801500	5	6	18	0.363636	0.173913	0.235294	0.868873	4	7	19
2026-05-31_183612_1547137	ScanNet	scene0579_02	all	19	15	0.485041	0.642483	0.785714	0.578947	0.666667	0.764700	11	3	8	0.714286	0.526316	0.606061	0.810411	10	4	9	0.400000	0.315789	0.352941	0.903930	6	9	13
2026-05-31_183612_1547137	ScanNet	scene0586_02	all	26	38	0.678664	0.540020	0.750000	0.923077	0.827586	0.704021	24	8	2	0.545455	0.692308	0.610169	0.804190	18	15	8	0.294118	0.384615	0.333333	0.942539	10	24	16
2026-05-31_183612_1547137	ScanNet	scene0587_00	all	4	18	0.679195	0.232583	0.235294	1.000000	0.380952	0.679195	4	13	0	0.176471	0.750000	0.285714	0.766577	3	14	1	0.058824	0.250000	0.095238	0.963249	1	16	3
2026-05-31_183612_1547137	ScanNet	scene0587_01	all	5	13	0.696491	0.365917	0.384615	1.000000	0.555556	0.696491	5	8	0	0.384615	1.000000	0.555556	0.696491	5	8	0	0.076923	0.200000	0.111111	1.000000	1	12	4
2026-05-31_183612_1547137	ScanNet	scene0587_03	all	8	16	0.547078	0.445162	0.600000	0.750000	0.666667	0.650511	6	4	2	0.454545	0.625000	0.526316	0.695609	5	6	3	0.166667	0.250000	0.200000	0.888785	2	10	6
2026-05-31_183612_1547137	ScanNet	scene0605_00	all	27	87	0.534517	0.260650	0.362069	0.777778	0.494118	0.639934	21	37	6	0.250000	0.555556	0.344828	0.725303	15	45	12	0.096774	0.222222	0.134831	0.892032	6	56	21
2026-05-31_183612_1547137	ScanNet	scene0607_01	all	25	14	0.399196	0.663982	0.846154	0.440000	0.578947	0.763103	11	2	14	0.692308	0.360000	0.473684	0.840990	9	4	16	0.571429	0.320000	0.410256	0.877877	8	6	17
2026-05-31_183612_1547137	ScanNet	scene0615_01	all	31	66	0.518237	0.326550	0.431373	0.709677	0.536585	0.663041	22	29	9	0.272727	0.483871	0.348837	0.792567	15	40	16	0.157895	0.290323	0.204545	0.925930	9	48	22
2026-05-31_183612_1547137	ScanNet	scene0620_01	all	13	20	0.441960	0.330341	0.450000	0.692308	0.545455	0.548788	9	11	4	0.200000	0.307692	0.242424	0.765416	4	16	9	0.100000	0.153846	0.121212	0.906086	2	18	11
2026-05-31_183612_1547137	ScanNet	scene0626_00	all	24	33	0.462245	0.353624	0.468750	0.625000	0.535714	0.670514	15	17	9	0.375000	0.500000	0.428571	0.744759	12	20	12	0.156250	0.208333	0.178571	0.902505	5	27	19
2026-05-31_183612_1547137	ScanNet	scene0630_00	all	41	54	0.358437	0.353155	0.488889	0.536585	0.511628	0.578854	22	23	19	0.222222	0.243902	0.232558	0.814932	10	35	31	0.127660	0.146341	0.136364	0.954329	6	41	35
2026-05-31_183612_1547137	ScanNet	scene0632_00	all	13	24	0.586178	0.365595	0.500000	0.846154	0.628571	0.656394	11	11	2	0.347826	0.615385	0.444444	0.760242	8	15	5	0.173913	0.307692	0.222222	0.933654	4	19	9
2026-05-31_183612_1547137	ScanNet	scene0636_00	all	12	12	0.873536	0.854111	1.000000	0.916667	0.956522	0.947948	11	0	1	0.916667	0.916667	0.916667	0.947948	11	1	1	0.916667	0.916667	0.916667	0.947948	11	1	1
2026-05-31_183612_1547137	ScanNet	scene0637_00	all	11	16	0.739677	0.568424	0.666667	0.909091	0.769231	0.764305	10	5	1	0.500000	0.727273	0.592593	0.837069	8	8	3	0.375000	0.545455	0.444444	0.928319	6	10	5
2026-05-31_183612_1547137	ScanNet	scene0638_00	all	5	27	0.835052	0.223329	0.238095	1.000000	0.384615	0.835052	5	16	0	0.227273	1.000000	0.370370	0.835052	5	17	0	0.125000	0.600000	0.206897	0.927391	3	21	2
2026-05-31_183612_1547137	ScanNet	scene0639_00	all	12	6	0.267622	0.434258	0.666667	0.333333	0.444444	0.556989	4	2	8	0.333333	0.166667	0.222222	0.743622	2	4	10	0.166667	0.083333	0.111111	0.941315	1	5	11
2026-05-31_183612_1547137	ScanNet	scene0658_00	all	20	49	0.439299	0.199971	0.295455	0.650000	0.406250	0.590854	13	31	7	0.173913	0.400000	0.242424	0.727321	8	38	12	0.065217	0.150000	0.090909	0.852855	3	43	17
2026-05-31_183612_1547137	ScanNet	scene0671_01	all	20	24	0.612323	0.599204	0.882353	0.750000	0.810811	0.738728	15	2	5	0.684211	0.650000	0.666667	0.794012	13	6	7	0.333333	0.350000	0.341463	0.902647	7	14	13
2026-05-31_183612_1547137	ScanNet	scene0684_01	all	23	19	0.476936	0.609522	0.823529	0.608696	0.700000	0.707985	14	3	9	0.529412	0.391304	0.450000	0.866769	9	8	14	0.411765	0.304348	0.350000	0.923310	7	10	16
2026-05-31_183612_1547137	ScanNet	scene0013_01	objects-only	5	11	0.915698	0.776583	0.833333	1.000000	0.909091	0.915698	5	1	0	0.833333	1.000000	0.909091	0.915698	5	1	0	0.666667	0.800000	0.727273	0.992762	4	2	1
2026-05-31_183612_1547137	ScanNet	scene0019_00	objects-only	16	38	0.441037	0.346597	0.476190	0.625000	0.540541	0.598691	10	11	6	0.318182	0.437500	0.368421	0.699431	7	15	9	0.142857	0.187500	0.162162	0.903401	3	18	13
2026-05-31_183612_1547137	ScanNet	scene0019_01	objects-only	18	39	0.419985	0.432512	0.562500	0.500000	0.529412	0.710151	9	7	9	0.466667	0.388889	0.424242	0.825580	7	8	11	0.294118	0.277778	0.285714	0.890672	5	12	13
2026-05-31_183612_1547137	ScanNet	scene0053_00	objects-only	8	14	0.563571	0.568782	0.625000	0.625000	0.625000	0.847505	5	3	3	0.625000	0.625000	0.625000	0.847505	5	3	3	0.333333	0.375000	0.352941	0.983402	3	6	5
2026-05-31_183612_1547137	ScanNet	scene0077_00	objects-only	16	34	0.619592	0.639464	0.800000	0.750000	0.774194	0.744571	12	3	4	0.785714	0.687500	0.733333	0.779715	11	3	5	0.315789	0.375000	0.342857	0.892404	6	13	10
2026-05-31_183612_1547137	ScanNet	scene0078_00	objects-only	8	34	0.760763	0.299874	0.291667	0.875000	0.437500	0.850314	7	17	1	0.291667	0.875000	0.437500	0.850314	7	17	1	0.200000	0.625000	0.303030	0.936156	5	20	3
2026-05-31_183612_1547137	ScanNet	scene0079_01	objects-only	17	16	0.341747	0.571549	0.750000	0.352941	0.480000	0.710388	6	2	11	0.500000	0.235294	0.320000	0.846684	4	4	13	0.300000	0.176471	0.222222	0.936304	3	7	14
2026-05-31_183612_1547137	ScanNet	scene0081_00	objects-only	8	24	0.613381	0.411025	0.533333	1.000000	0.695652	0.613381	8	7	0	0.352941	0.750000	0.480000	0.691305	6	11	2	0.111111	0.250000	0.153846	0.923507	2	16	6
2026-05-31_183612_1547137	ScanNet	scene0090_00	objects-only	13	27	0.552011	0.592585	0.750000	0.692308	0.720000	0.689770	9	3	4	0.666667	0.461538	0.545455	0.839612	6	3	7	0.500000	0.384615	0.434783	0.900625	5	5	8
2026-05-31_183612_1547137	ScanNet	scene0108_00	objects-only	29	75	0.583571	0.309568	0.381818	0.724138	0.500000	0.738020	21	34	8	0.303571	0.586207	0.400000	0.818390	17	39	12	0.186441	0.379310	0.250000	0.932946	11	48	18
2026-05-31_183612_1547137	ScanNet	scene0117_00	objects-only	39	48	0.563472	0.507580	0.707317	0.743590	0.725000	0.700857	29	12	10	0.476190	0.512821	0.493827	0.851568	20	22	19	0.302326	0.333333	0.317073	0.951723	13	30	26
2026-05-31_183612_1547137	ScanNet	scene0118_00	objects-only	11	32	0.671243	0.592154	0.750000	0.818182	0.782609	0.798299	9	3	2	0.666667	0.727273	0.695652	0.856419	8	4	3	0.545455	0.545455	0.545455	0.911559	6	5	5
2026-05-31_183612_1547137	ScanNet	scene0118_01	objects-only	12	22	0.629122	0.546582	0.769231	0.833333	0.800000	0.703264	10	3	2	0.666667	0.666667	0.666667	0.772368	8	4	4	0.384615	0.416667	0.400000	0.895897	5	8	7
2026-05-31_183612_1547137	ScanNet	scene0118_02	objects-only	13	28	0.422899	0.277141	0.400000	0.615385	0.484848	0.610813	8	12	5	0.250000	0.384615	0.303030	0.786726	5	15	8	0.157895	0.230769	0.187500	0.928239	3	16	10
2026-05-31_183612_1547137	ScanNet	scene0120_01	objects-only	16	25	0.537857	0.521257	0.687500	0.687500	0.687500	0.699635	11	5	5	0.562500	0.562500	0.562500	0.776685	9	7	7	0.235294	0.250000	0.242424	0.963412	4	13	12
2026-05-31_183612_1547137	ScanNet	scene0143_00	objects-only	17	24	0.612715	0.575360	0.684211	0.764706	0.722222	0.756537	13	6	4	0.578947	0.647059	0.611111	0.836183	11	8	6	0.400000	0.470588	0.432432	0.918018	8	12	9
2026-05-31_183612_1547137	ScanNet	scene0150_00	objects-only	11	29	0.639080	0.467745	0.687500	1.000000	0.814815	0.639080	11	5	0	0.500000	0.727273	0.592593	0.769321	8	8	3	0.157895	0.272727	0.200000	0.914473	3	16	8
2026-05-31_183612_1547137	ScanNet	scene0150_01	objects-only	10	31	0.706448	0.482848	0.625000	1.000000	0.769231	0.706448	10	6	0	0.470588	0.800000	0.592593	0.774404	8	9	2	0.166667	0.300000	0.214286	0.935488	3	15	7
2026-05-31_183612_1547137	ScanNet	scene0150_02	objects-only	7	16	0.683090	0.483958	0.583333	1.000000	0.736842	0.683090	7	5	0	0.461538	0.857143	0.600000	0.738220	6	7	1	0.230769	0.428571	0.300000	0.885118	3	10	4
2026-05-31_183612_1547137	ScanNet	scene0153_00	objects-only	19	15	0.339822	0.613190	0.777778	0.368421	0.500000	0.700798	7	2	12	0.666667	0.315789	0.428571	0.755055	6	3	13	0.300000	0.157895	0.206897	0.897199	3	7	16
2026-05-31_183612_1547137	ScanNet	scene0160_03	objects-only	12	18	0.611880	0.575107	0.692308	0.750000	0.720000	0.788812	9	4	3	0.538462	0.583333	0.560000	0.891291	7	6	5	0.428571	0.500000	0.461538	0.927851	6	8	6
2026-05-31_183612_1547137	ScanNet	scene0160_04	objects-only	12	25	0.636769	0.530640	0.588235	0.833333	0.689655	0.746131	10	7	2	0.500000	0.666667	0.571429	0.851492	8	8	4	0.352941	0.500000	0.413793	0.941097	6	11	6
2026-05-31_183612_1547137	ScanNet	scene0161_00	objects-only	7	19	0.755519	0.520371	0.700000	1.000000	0.823529	0.755519	7	3	0	0.500000	0.857143	0.631579	0.830043	6	6	1	0.333333	0.571429	0.421053	0.923436	4	8	3
2026-05-31_183612_1547137	ScanNet	scene0161_01	objects-only	8	24	0.627921	0.519037	0.600000	0.750000	0.666667	0.799121	6	4	2	0.545455	0.750000	0.631579	0.799121	6	5	2	0.250000	0.375000	0.300000	0.981583	3	9	5
2026-05-31_183612_1547137	ScanNet	scene0161_02	objects-only	6	17	0.873806	0.608881	0.750000	1.000000	0.857143	0.873806	6	2	0	0.666667	1.000000	0.800000	0.873806	6	3	0	0.400000	0.666667	0.500000	0.957298	4	6	2
2026-05-31_183612_1547137	ScanNet	scene0182_02	objects-only	13	24	0.472573	0.425193	0.636364	0.538462	0.583333	0.735571	7	4	6	0.400000	0.307692	0.347826	1.000000	4	6	9	0.400000	0.307692	0.347826	1.000000	4	6	9
2026-05-31_183612_1547137	ScanNet	scene0183_00	objects-only	10	11	0.332457	0.444099	0.571429	0.400000	0.470588	0.670173	4	3	6	0.428571	0.300000	0.352941	0.773626	3	4	7	0.125000	0.100000	0.111111	0.897163	1	7	9
2026-05-31_183612_1547137	ScanNet	scene0193_01	objects-only	6	20	0.751457	0.842396	1.000000	1.000000	1.000000	0.751457	6	0	0	1.000000	0.833333	0.909091	0.842396	5	0	1	0.375000	0.500000	0.428571	0.961610	3	5	3
2026-05-31_183612_1547137	ScanNet	scene0230_00	objects-only	23	50	0.542623	0.404551	0.562500	0.782609	0.654545	0.615480	18	14	5	0.264706	0.391304	0.315789	0.847650	9	25	14	0.205882	0.304348	0.245614	0.895975	7	27	16
2026-05-31_183612_1547137	ScanNet	scene0234_00	objects-only	11	14	0.513513	0.647855	0.875000	0.636364	0.736842	0.732754	7	1	4	0.625000	0.454545	0.526316	0.833994	5	3	6	0.444444	0.363636	0.400000	0.878179	4	5	7
2026-05-31_183612_1547137	ScanNet	scene0237_00	objects-only	10	16	0.530367	0.475583	0.777778	0.700000	0.736842	0.681507	7	2	3	0.500000	0.500000	0.500000	0.787981	5	5	5	0.272727	0.300000	0.285714	0.901189	3	8	7
2026-05-31_183612_1547137	ScanNet	scene0237_01	objects-only	9	14	0.712554	0.612549	0.800000	0.888889	0.842105	0.752611	8	2	1	0.700000	0.777778	0.736842	0.790111	7	3	2	0.363636	0.444444	0.400000	0.887821	4	7	5
2026-05-31_183612_1547137	ScanNet	scene0238_00	objects-only	38	66	0.263566	0.311713	0.419355	0.342105	0.376812	0.599431	13	18	25	0.218750	0.184211	0.200000	0.779263	7	25	31	0.121212	0.105263	0.112676	0.890930	4	29	34
2026-05-31_183612_1547137	ScanNet	scene0238_01	objects-only	36	54	0.312424	0.326390	0.678571	0.527778	0.593750	0.470603	19	9	17	0.250000	0.194444	0.218750	0.627457	7	21	29	0.000000	0.000000	0.000000	0.000000	0	29	36
2026-05-31_183612_1547137	ScanNet	scene0239_02	objects-only	15	21	0.460484	0.549570	0.700000	0.466667	0.560000	0.816068	7	3	8	0.600000	0.400000	0.480000	0.896419	6	4	9	0.454545	0.333333	0.384615	0.927002	5	6	10
2026-05-31_183612_1547137	ScanNet	scene0244_00	objects-only	13	31	0.784023	0.542777	0.600000	0.923077	0.727273	0.828861	12	8	1	0.550000	0.846154	0.666667	0.879546	11	9	2	0.476190	0.769231	0.588235	0.909612	10	11	3
2026-05-31_183612_1547137	ScanNet	scene0258_00	objects-only	11	33	0.509088	0.339899	0.529412	0.818182	0.642857	0.588467	9	8	2	0.250000	0.454545	0.322581	0.807126	5	15	6	0.142857	0.272727	0.187500	0.882696	3	18	8
2026-05-31_183612_1547137	ScanNet	scene0259_01	objects-only	11	35	0.565822	0.291823	0.346154	0.818182	0.486486	0.663009	9	17	2	0.192308	0.454545	0.270270	0.882335	5	21	6	0.137931	0.363636	0.200000	0.935583	4	25	7
2026-05-31_183612_1547137	ScanNet	scene0292_01	objects-only	9	26	0.652979	0.495925	0.538462	0.777778	0.636364	0.739197	7	6	2	0.461538	0.666667	0.545455	0.800578	6	7	3	0.307692	0.444444	0.363636	0.930812	4	9	5
2026-05-31_183612_1547137	ScanNet	scene0318_00	objects-only	5	14	0.602347	0.368057	0.444444	0.800000	0.571429	0.746865	4	5	1	0.444444	0.800000	0.571429	0.746865	4	5	1	0.222222	0.400000	0.285714	0.870114	2	7	3
2026-05-31_183612_1547137	ScanNet	scene0333_00	objects-only	16	26	0.526812	0.446573	0.666667	0.750000	0.705882	0.649009	12	6	4	0.555556	0.625000	0.588235	0.707833	10	8	6	0.210526	0.250000	0.228571	0.883436	4	15	12
2026-05-31_183612_1547137	ScanNet	scene0338_02	objects-only	14	14	0.446450	0.611730	0.888889	0.571429	0.695652	0.614703	8	1	6	0.714286	0.357143	0.476190	0.764443	5	2	9	0.300000	0.214286	0.250000	0.909556	3	7	11
2026-05-31_183612_1547137	ScanNet	scene0346_00	objects-only	10	11	0.690053	0.649386	0.800000	0.800000	0.800000	0.830299	8	2	2	0.800000	0.800000	0.800000	0.830299	8	2	2	0.555556	0.500000	0.526316	0.927776	5	4	5
2026-05-31_183612_1547137	ScanNet	scene0346_01	objects-only	11	26	0.517135	0.399817	0.466667	0.636364	0.538462	0.713668	7	8	4	0.375000	0.545455	0.444444	0.755227	6	10	5	0.187500	0.272727	0.222222	0.889116	3	13	8
2026-05-31_183612_1547137	ScanNet	scene0359_01	objects-only	12	24	0.610834	0.550711	0.833333	0.833333	0.833333	0.683185	10	2	2	0.538462	0.583333	0.560000	0.801701	7	6	5	0.307692	0.333333	0.320000	0.941035	4	9	8
2026-05-31_183612_1547137	ScanNet	scene0368_01	objects-only	20	44	0.611525	0.461444	0.576923	0.750000	0.652174	0.749599	15	11	5	0.520000	0.650000	0.577778	0.813754	13	12	7	0.275862	0.400000	0.326531	0.936763	8	21	12
2026-05-31_183612_1547137	ScanNet	scene0373_01	objects-only	8	17	0.862188	0.748365	1.000000	1.000000	1.000000	0.862188	8	0	0	0.888889	1.000000	0.941176	0.862188	8	1	0	0.666667	0.750000	0.705882	0.954883	6	3	2
2026-05-31_183612_1547137	ScanNet	scene0376_02	objects-only	8	13	0.545937	0.578398	0.857143	0.750000	0.800000	0.656856	6	1	2	0.666667	0.500000	0.571429	0.759743	4	2	4	0.285714	0.250000	0.266667	0.856579	2	5	6
2026-05-31_183612_1547137	ScanNet	scene0381_00	objects-only	8	13	0.747209	0.552457	0.700000	0.875000	0.777778	0.787966	7	3	1	0.600000	0.750000	0.666667	0.836555	6	4	2	0.454545	0.625000	0.526316	0.901387	5	6	3
2026-05-31_183612_1547137	ScanNet	scene0381_02	objects-only	8	22	0.773648	0.517772	0.615385	1.000000	0.761905	0.773648	8	5	0	0.461538	0.750000	0.571429	0.914138	6	7	2	0.357143	0.625000	0.454545	0.971007	5	9	3
2026-05-31_183612_1547137	ScanNet	scene0392_02	objects-only	8	17	0.632887	0.506613	0.700000	0.875000	0.777778	0.699192	7	3	1	0.500000	0.625000	0.555556	0.833880	5	5	3	0.272727	0.375000	0.315789	0.953471	3	8	5
2026-05-31_183612_1547137	ScanNet	scene0407_01	objects-only	16	46	0.647847	0.493926	0.722222	0.812500	0.764706	0.749465	13	5	3	0.454545	0.625000	0.526316	0.852380	10	12	6	0.304348	0.437500	0.358974	0.955119	7	16	9
2026-05-31_183612_1547137	ScanNet	scene0423_01	objects-only	5	8	0.995926	0.995926	1.000000	1.000000	1.000000	0.995926	5	0	0	1.000000	1.000000	1.000000	0.995926	5	0	0	1.000000	1.000000	1.000000	0.995926	5	0	0
2026-05-31_183612_1547137	ScanNet	scene0432_00	objects-only	3	20	1.000000	1.000000	1.000000	1.000000	1.000000	1.000000	3	0	0	1.000000	1.000000	1.000000	1.000000	3	0	0	1.000000	1.000000	1.000000	1.000000	3	0	0
2026-05-31_183612_1547137	ScanNet	scene0432_01	objects-only	6	16	0.982946	0.982946	1.000000	1.000000	1.000000	0.982946	6	0	0	1.000000	1.000000	1.000000	0.982946	6	0	0	1.000000	1.000000	1.000000	0.982946	6	0	0
2026-05-31_183612_1547137	ScanNet	scene0437_01	objects-only	12	22	0.564046	0.434908	0.625000	0.833333	0.714286	0.646252	10	6	2	0.388889	0.583333	0.466667	0.771666	7	11	5	0.210526	0.333333	0.258065	0.888184	4	15	8
2026-05-31_183612_1547137	ScanNet	scene0443_00	objects-only	26	71	0.585903	0.345714	0.480000	0.923077	0.631579	0.624256	24	26	2	0.306122	0.576923	0.400000	0.784570	15	34	11	0.173077	0.346154	0.230769	0.912420	9	43	17
2026-05-31_183612_1547137	ScanNet	scene0444_00	objects-only	9	21	0.715564	0.423706	0.562500	1.000000	0.720000	0.715564	9	7	0	0.375000	0.666667	0.480000	0.895284	6	10	3	0.294118	0.555556	0.384615	0.936852	5	12	4
2026-05-31_183612_1547137	ScanNet	scene0444_01	objects-only	8	7	0.443193	0.623730	0.800000	0.500000	0.615385	0.697569	4	1	4	0.800000	0.500000	0.615385	0.697569	4	1	4	0.200000	0.125000	0.153846	0.873921	1	4	7
2026-05-31_183612_1547137	ScanNet	scene0461_00	objects-only	5	19	0.855600	0.344658	0.384615	1.000000	0.555556	0.855600	5	8	0	0.384615	1.000000	0.555556	0.855600	5	8	0	0.307692	0.800000	0.444444	0.924574	4	9	1
2026-05-31_183612_1547137	ScanNet	scene0469_02	objects-only	34	41	0.640827	0.672889	0.766667	0.676471	0.718750	0.882056	23	7	11	0.709677	0.647059	0.676923	0.900735	22	9	12	0.545455	0.529412	0.537313	0.959460	18	15	16
2026-05-31_183612_1547137	ScanNet	scene0470_01	objects-only	12	27	0.688035	0.471335	0.500000	0.916667	0.647059	0.749639	11	11	1	0.380952	0.666667	0.484848	0.882492	8	13	4	0.318182	0.583333	0.411765	0.929865	7	15	5
2026-05-31_183612_1547137	ScanNet	scene0471_00	objects-only	10	5	0.223549	0.669046	1.000000	0.300000	0.461538	0.564402	3	0	7	0.500000	0.100000	0.166667	0.906984	1	1	9	0.500000	0.100000	0.166667	0.906984	1	1	9
2026-05-31_183612_1547137	ScanNet	scene0471_02	objects-only	9	9	0.497139	0.698324	1.000000	0.555556	0.714286	0.837819	5	0	4	0.833333	0.555556	0.666667	0.837819	5	1	4	0.600000	0.333333	0.428571	0.938029	3	2	6
2026-05-31_183612_1547137	ScanNet	scene0479_01	objects-only	29	36	0.531597	0.574397	0.708333	0.586207	0.641509	0.808663	17	7	12	0.538462	0.482759	0.509091	0.882051	14	12	15	0.444444	0.413793	0.428571	0.937568	12	15	17
2026-05-31_183612_1547137	ScanNet	scene0479_02	objects-only	31	39	0.478483	0.491753	0.666667	0.580645	0.620690	0.703735	18	9	13	0.464286	0.419355	0.440678	0.809569	13	15	18	0.285714	0.258065	0.271186	0.938199	8	20	23
2026-05-31_183612_1547137	ScanNet	scene0480_01	objects-only	15	29	0.560428	0.402139	0.666667	0.800000	0.727273	0.642480	12	6	3	0.380952	0.533333	0.444444	0.801661	8	13	7	0.227273	0.333333	0.270270	0.965327	5	17	10
2026-05-31_183612_1547137	ScanNet	scene0482_01	objects-only	15	30	0.747672	0.855028	0.928571	0.866667	0.896552	0.823573	13	1	2	0.916667	0.733333	0.814815	0.902707	11	1	4	0.818182	0.600000	0.692308	0.958415	9	2	6
2026-05-31_183612_1547137	ScanNet	scene0485_00	objects-only	9	17	0.528518	0.465296	0.545455	0.666667	0.600000	0.751954	6	5	3	0.454545	0.555556	0.500000	0.821156	5	6	4	0.272727	0.333333	0.300000	0.929280	3	8	6
2026-05-31_183612_1547137	ScanNet	scene0488_00	objects-only	17	22	0.556047	0.585109	0.785714	0.647059	0.709677	0.722601	11	3	6	0.642857	0.529412	0.580645	0.786744	9	5	8	0.428571	0.352941	0.387097	0.879439	6	8	11
2026-05-31_183612_1547137	ScanNet	scene0491_00	objects-only	6	16	0.637990	0.416666	0.625000	0.833333	0.714286	0.734094	5	3	1	0.500000	0.666667	0.571429	0.793175	4	4	2	0.333333	0.500000	0.400000	0.880206	3	6	3
2026-05-31_183612_1547137	ScanNet	scene0498_01	objects-only	24	47	0.542176	0.438137	0.566667	0.708333	0.629630	0.710750	17	13	7	0.400000	0.500000	0.444444	0.839557	12	18	12	0.218750	0.291667	0.250000	0.956245	7	25	17
2026-05-31_183612_1547137	ScanNet	scene0511_01	objects-only	16	25	0.524004	0.455098	0.578947	0.687500	0.628571	0.686128	11	8	5	0.526316	0.625000	0.571429	0.709371	10	9	6	0.200000	0.250000	0.222222	0.926709	4	16	12
2026-05-31_183612_1547137	ScanNet	scene0512_00	objects-only	12	42	0.562284	0.247907	0.322581	0.833333	0.465116	0.639031	10	21	2	0.205882	0.583333	0.304348	0.766462	7	27	5	0.083333	0.250000	0.125000	0.910624	3	33	9
2026-05-31_183612_1547137	ScanNet	scene0526_00	objects-only	4	21	0.701605	0.502035	0.571429	1.000000	0.727273	0.701605	4	3	0	0.428571	0.750000	0.545455	0.779530	3	4	1	0.285714	0.500000	0.363636	0.874166	2	5	2
2026-05-31_183612_1547137	ScanNet	scene0526_01	objects-only	4	12	0.840739	0.698074	0.800000	1.000000	0.888889	0.840739	4	1	0	0.800000	1.000000	0.888889	0.840739	4	1	0	0.600000	0.750000	0.666667	0.886699	3	2	1
2026-05-31_183612_1547137	ScanNet	scene0528_00	objects-only	11	18	0.357567	0.320912	0.636364	0.636364	0.636364	0.464190	7	4	4	0.111111	0.090909	0.100000	0.936416	1	8	10	0.083333	0.090909	0.086957	0.936416	1	11	10
2026-05-31_183612_1547137	ScanNet	scene0528_01	objects-only	9	18	0.743315	0.674240	0.800000	0.888889	0.842105	0.794782	8	2	1	0.700000	0.777778	0.736842	0.841406	7	3	2	0.454545	0.555556	0.500000	0.933020	5	6	4
2026-05-31_183612_1547137	ScanNet	scene0532_00	objects-only	18	29	0.325965	0.652929	1.000000	0.444444	0.615385	0.603714	8	0	10	1.000000	0.388889	0.560000	0.652929	7	0	11	0.142857	0.055556	0.080000	1.000000	1	6	17
2026-05-31_183612_1547137	ScanNet	scene0532_01	objects-only	12	19	0.635093	0.583830	0.769231	0.833333	0.800000	0.727085	10	3	2	0.538462	0.583333	0.560000	0.873312	7	6	5	0.461538	0.500000	0.480000	0.920598	6	7	6
2026-05-31_183612_1547137	ScanNet	scene0543_00	objects-only	5	26	0.970681	0.655966	0.833333	1.000000	0.909091	0.970681	5	1	0	0.833333	1.000000	0.909091	0.970681	5	1	0	0.833333	1.000000	0.909091	0.970681	5	1	0
2026-05-31_183612_1547137	ScanNet	scene0543_01	objects-only	3	15	0.818131	0.722807	0.750000	1.000000	0.857143	0.818131	3	1	0	0.750000	1.000000	0.857143	0.818131	3	1	0	0.500000	0.666667	0.571429	0.945614	2	2	1
2026-05-31_183612_1547137	ScanNet	scene0546_00	objects-only	9	9	0.518907	0.604979	1.000000	0.555556	0.714286	0.785272	5	0	4	0.833333	0.555556	0.666667	0.785272	5	1	4	0.500000	0.333333	0.400000	0.883844	3	3	6
2026-05-31_183612_1547137	ScanNet	scene0552_01	objects-only	25	45	0.540314	0.415699	0.500000	0.680000	0.576271	0.730600	17	17	8	0.363636	0.480000	0.413793	0.885525	12	21	13	0.294118	0.400000	0.338983	0.942173	10	24	15
2026-05-31_183612_1547137	ScanNet	scene0559_00	objects-only	9	20	0.753540	0.557364	0.727273	0.888889	0.800000	0.817758	8	3	1	0.583333	0.777778	0.666667	0.886381	7	5	2	0.545455	0.666667	0.600000	0.933335	6	5	3
2026-05-31_183612_1547137	ScanNet	scene0559_01	objects-only	9	19	0.780547	0.881512	1.000000	0.888889	0.941176	0.862724	8	0	1	1.000000	0.888889	0.941176	0.862724	8	0	1	0.750000	0.666667	0.705882	0.935208	6	2	3
2026-05-31_183612_1547137	ScanNet	scene0570_00	objects-only	15	12	0.505876	0.872744	1.000000	0.533333	0.695652	0.872744	8	0	7	1.000000	0.533333	0.695652	0.872744	8	0	7	0.875000	0.466667	0.608696	0.914922	7	1	8
2026-05-31_183612_1547137	ScanNet	scene0570_01	objects-only	14	11	0.453898	0.667465	0.875000	0.500000	0.636364	0.792261	7	1	7	0.750000	0.428571	0.545455	0.865311	6	2	8	0.555556	0.357143	0.434783	0.909281	5	4	9
2026-05-31_183612_1547137	ScanNet	scene0570_02	objects-only	16	11	0.324060	0.510140	0.875000	0.437500	0.583333	0.618414	7	1	9	0.400000	0.250000	0.307692	0.767165	4	6	12	0.333333	0.187500	0.240000	0.851977	3	6	13
2026-05-31_183612_1547137	ScanNet	scene0579_02	objects-only	13	15	0.636297	0.673284	0.909091	0.769231	0.833333	0.756893	10	1	3	0.727273	0.615385	0.666667	0.859571	8	3	5	0.500000	0.461538	0.480000	0.935866	6	6	7
2026-05-31_183612_1547137	ScanNet	scene0586_02	objects-only	19	38	0.730502	0.766860	1.000000	0.894737	0.944444	0.772055	17	0	2	0.823529	0.736842	0.777778	0.848815	14	3	5	0.588235	0.526316	0.555556	0.938913	10	7	9
2026-05-31_183612_1547137	ScanNet	scene0587_00	objects-only	3	18	0.773288	0.596676	0.600000	1.000000	0.750000	0.773288	3	2	0	0.600000	1.000000	0.750000	0.773288	3	2	0	0.200000	0.333333	0.250000	0.983380	1	4	2
2026-05-31_183612_1547137	ScanNet	scene0587_01	objects-only	4	13	0.731034	0.476401	0.571429	1.000000	0.727273	0.731034	4	3	0	0.500000	1.000000	0.666667	0.731034	4	4	0	0.125000	0.250000	0.166667	1.000000	1	7	3
2026-05-31_183612_1547137	ScanNet	scene0587_03	objects-only	5	16	0.583062	0.642615	0.800000	0.800000	0.800000	0.708032	4	1	1	0.600000	0.600000	0.600000	0.802370	3	2	2	0.285714	0.400000	0.333333	0.914357	2	5	3
2026-05-31_183612_1547137	ScanNet	scene0605_00	objects-only	19	87	0.658681	0.397327	0.500000	0.842105	0.627451	0.751438	16	16	3	0.437500	0.736842	0.549020	0.794704	14	18	5	0.264706	0.473684	0.339623	0.896314	9	25	10
2026-05-31_183612_1547137	ScanNet	scene0607_01	objects-only	19	14	0.432695	0.797478	1.000000	0.473684	0.642857	0.765212	9	0	10	1.000000	0.473684	0.642857	0.765212	9	0	10	0.666667	0.315789	0.428571	0.885724	6	3	13
2026-05-31_183612_1547137	ScanNet	scene0615_01	objects-only	25	66	0.582144	0.518489	0.714286	0.800000	0.754717	0.689012	20	8	5	0.535714	0.600000	0.566038	0.787130	15	13	10	0.264706	0.360000	0.305085	0.917988	9	25	16
2026-05-31_183612_1547137	ScanNet	scene0620_01	objects-only	9	20	0.481505	0.319925	0.466667	0.777778	0.583333	0.577096	7	8	2	0.187500	0.333333	0.240000	0.798861	3	13	6	0.117647	0.222222	0.153846	0.859941	2	15	7
2026-05-31_183612_1547137	ScanNet	scene0626_00	objects-only	18	33	0.555550	0.625154	0.812500	0.722222	0.764706	0.691992	13	3	5	0.642857	0.500000	0.562500	0.835396	9	5	9	0.277778	0.277778	0.277778	0.963675	5	13	13
2026-05-31_183612_1547137	ScanNet	scene0630_00	objects-only	35	54	0.370471	0.399751	0.588235	0.571429	0.579710	0.568539	20	14	15	0.272727	0.257143	0.264706	0.798417	9	24	26	0.147059	0.142857	0.144928	0.952482	5	29	30
2026-05-31_183612_1547137	ScanNet	scene0632_00	objects-only	11	24	0.553019	0.336682	0.500000	0.818182	0.620690	0.631471	9	9	2	0.315789	0.545455	0.400000	0.757474	6	13	5	0.150000	0.272727	0.193548	0.911539	3	17	8
2026-05-31_183612_1547137	ScanNet	scene0636_00	objects-only	11	12	0.934991	0.951272	1.000000	1.000000	1.000000	0.934991	11	0	0	1.000000	1.000000	1.000000	0.934991	11	0	0	0.909091	0.909091	0.909091	0.954131	10	1	1
2026-05-31_183612_1547137	ScanNet	scene0637_00	objects-only	7	16	0.754769	0.570951	0.700000	1.000000	0.823529	0.754769	7	3	0	0.545455	0.857143	0.666667	0.805083	6	5	1	0.363636	0.571429	0.444444	0.925965	4	7	3
2026-05-31_183612_1547137	ScanNet	scene0638_00	objects-only	4	27	0.880420	0.658145	0.666667	1.000000	0.800000	0.880420	4	2	0	0.666667	1.000000	0.800000	0.880420	4	2	0	0.500000	0.750000	0.600000	0.931312	3	3	1
2026-05-31_183612_1547137	ScanNet	scene0639_00	objects-only	8	6	0.367694	0.580504	1.000000	0.500000	0.666667	0.580504	4	0	4	0.500000	0.250000	0.333333	0.743622	2	2	6	0.200000	0.125000	0.153846	0.941315	1	4	7
2026-05-31_183612_1547137	ScanNet	scene0658_00	objects-only	12	49	0.526459	0.250109	0.363636	0.666667	0.470588	0.704414	8	14	4	0.272727	0.500000	0.352941	0.810515	6	16	6	0.153846	0.333333	0.210526	0.872438	4	22	8
2026-05-31_183612_1547137	ScanNet	scene0671_01	objects-only	17	24	0.578068	0.599416	0.857143	0.705882	0.774194	0.721801	12	2	5	0.666667	0.588235	0.625000	0.790284	10	5	7	0.312500	0.294118	0.303030	0.921393	5	11	12
2026-05-31_183612_1547137	ScanNet	scene0684_01	objects-only	15	19	0.647494	0.676614	0.923077	0.800000	0.857143	0.766503	12	1	3	0.714286	0.666667	0.689655	0.833501	10	4	5	0.615385	0.533333	0.571429	0.908242	8	5	7
